0 2 0 20150901 20150930 0
1 2 1 20151001 20151030 0
3 2 3 20151201 20151230 -1
4 2 4 20160101 20160130 3
5 2 5 20160201 20160228 -1
6 2 6 20160301 20160407 -1
7 2 7 20160408 20160430 4
8 2 8 20160501 20160530 4
9 1 0 20140901 20140930 -1
10 1 1 20140101 20140131 -1
11 1 2 20141101 20141130 -1
12 1 3 20141201 20141230 -1
13 1 4 20150101 20150130 -1
14 1 5 20150201 20150228 -1
15 1 6 20150301 20150407 -1
16 1 7 20150408 20150430 -1
17 1 8 20150501 20150530 -1
18 0 0 20130901 20130910 0
19 0 1 20131001 20131030 0
20 0 2 20131101 20131130 1
21 0 3 20131201 20131230 2
22 0 4 20140101 20140130 3
23 0 5 20140201 20140228 2
24 0 6 20140301 20140407 2
25 0 7 20140408 20140430 4
26 0 8 20140501 20140530 4
